Episode #,Training Iter,In Heatup,ER #Transitions,ER #Episodes,Episode Length,Total steps,Epsilon,Shaped Training Reward,Training Reward,Update Target Network,Evaluation Reward,Shaped Evaluation Reward,Success Rate,Loss/Mean,Loss/Stdev,Loss/Max,Loss/Min,Learning Rate/Mean,Learning Rate/Stdev,Learning Rate/Max,Learning Rate/Min,Grads (unclipped)/Mean,Grads (unclipped)/Stdev,Grads (unclipped)/Max,Grads (unclipped)/Min,Discounted Return/Mean,Discounted Return/Stdev,Discounted Return/Max,Discounted Return/Min,Q/Mean,Q/Stdev,Q/Max,Q/Min
1,0.0,1.0,486.0,486.0,486.0,486.0,1.0,,,0.0,,,,,,,,,,,,,,,,1.027285241237078,0.8961037725396955,3.502959469093688,0.0,,,,
2,0.0,1.0,573.0,573.0,87.0,573.0,1.0,,,0.0,,,,,,,,,,,,,,,,0.2991949731169189,0.4147830569909918,1.0,0.0,,,,
3,0.0,1.0,722.0,722.0,149.0,722.0,1.0,,,0.0,,,,,,,,,,,,,,,,1.089942054123867,0.6773639260883686,1.9560606270183023,0.0,,,,
4,0.0,1.0,1057.0,1057.0,335.0,1057.0,1.0,,,0.0,,,,,,,,,,,,,,,,1.6150170189100268,1.2171006279541683,4.3034191502088746,0.0,,,,
5,63.0,0.0,1310.0,1310.0,253.0,1310.0,0.9997723000000076,4.0,50.0,0.0,,,,0.004491694926812107,0.006766281289137678,0.04882138594985008,6.719346401951042e-06,0.00010000000000000003,4.0657581468206416e-20,0.0001,0.0001,0.017803542,0.027135616,0.20955105,0.0008095327000000001,1.222244018436626,0.936837542398956,3.1882608013105234,0.0,,,,
6,191.0,0.0,1821.0,1821.0,511.0,1821.0,0.9993124000000226,12.0,185.0,0.0,,,,0.0047714674900795565,0.0024146913664049147,0.010317616164684296,0.00031104608206078416,0.0001,1.3552527156068802e-20,0.0001,0.0001,0.019269539,0.0060739340000000005,0.03975275,0.010625138999999999,2.2788441379494553,1.4480347036158143,5.334774783194502,0.0,,,,
7,296.0,0.0,2240.0,2240.0,419.0,2240.0,0.998935300000035,5.0,100.0,0.0,,,,0.004713273658749781,0.002172792571173645,0.011134801432490349,0.0005795764154754579,0.00010000000000000002,1.3552527156068802e-20,0.0001,0.0001,0.020182358,0.005298419,0.03915748,0.011748616000000002,0.8555964976400694,1.0053707470132562,3.3749244373511424,0.0,0.014056116,0.009650946,0.027787264,-0.00060711335
8,339.0,0.0,2414.0,2414.0,174.0,2414.0,0.9987787000000402,1.0,5.0,0.0,,,,0.003793796073634524,0.0021380887866130605,0.009300528094172478,0.00029195763636380434,0.00010000000000000002,1.3552527156068802e-20,0.0001,0.0001,0.020705786,0.0066502006,0.0460788,0.013250275,0.3973882352674416,0.32154192970544776,1.0,0.0,0.13003744,0.055773735,0.22091854,0.060123592999999996
9,368.0,0.0,2529.0,2529.0,115.0,2529.0,0.9986752000000436,3.0,30.0,0.0,,,,0.004141180351975241,0.0017784493640152872,0.00747263804078102,0.0005464060232043266,9.999999999999998e-05,2.7105054312137605e-20,0.0001,0.0001,0.019715613,0.004440255,0.02992878,0.011385176,0.6324934579648669,0.8584618010459154,2.5898325667156983,0.0,,,,
10,411.0,0.0,2702.0,2702.0,173.0,2702.0,0.9985195000000489,3.0,75.0,0.0,,,,0.004819720255232654,0.0021076089721098266,0.011331861838698387,0.0006479237927123903,0.00010000000000000002,1.3552527156068802e-20,0.0001,0.0001,0.024323987000000002,0.0065417895,0.049432315,0.015625566,1.0608731055181009,0.7741962088105712,2.3536752936697938,0.0,,,,
11,465.0,0.0,2915.0,2915.0,213.0,2915.0,0.9983278000000549,3.0,20.0,0.0,,,,0.0031677190750345305,0.0013164661577604493,0.005415318999439478,0.0004225847660563886,0.00010000000000000003,2.7105054312137605e-20,0.0001,0.0001,0.015876561,0.004163261,0.027698577999999998,0.010038991,0.9256049353481748,0.5663397851070973,1.7696505901309243,0.0,,,,
12,510.0,0.0,3097.0,3097.0,182.0,3097.0,0.9981640000000604,4.0,60.0,0.0,,,,0.0030969663781838285,0.001261824485712735,0.006258182693272829,0.0004931808216497302,0.00010000000000000003,2.7105054312137605e-20,0.0001,0.0001,0.015686613999999998,0.0032818028999999998,0.02472679,0.010548054,1.3110499512651883,0.7061102045075827,2.617221396387248,0.0,,,,
13,550.0,0.0,3258.0,3258.0,161.0,3258.0,0.9980191000000652,3.0,75.0,0.0,,,,0.003253453457728028,0.0012372641350521976,0.005126722622662783,0.0005418551154434682,0.0001,0.0,0.0001,0.0001,0.015948279,0.0032177293,0.023932687999999997,0.010423525,1.0703466266135009,0.8490488659932097,2.503485520019768,0.0,,,,
14,594.0,0.0,3433.0,3433.0,175.0,3433.0,0.9978616000000704,4.0,50.0,0.0,,,,0.0030904944720786323,0.0013048861040131131,0.006090688519179821,0.0005018529482185841,0.00010000000000000002,1.3552527156068802e-20,0.0001,0.0001,0.015917921,0.004241052,0.028720622999999997,0.0099377325,1.3808433281553778,0.7416611931247653,2.5777888872395627,0.0,,,,
15,630.0,0.0,3578.0,3578.0,145.0,3578.0,0.9977311000000748,2.0,25.0,0.0,,,,0.0025997094683892405,0.001354037737437577,0.0054450053721666345,0.0001803769846446812,0.0001,1.3552527156068802e-20,0.0001,0.0001,0.015166543999999999,0.0039428873,0.026425105,0.009076383,0.3767929397358389,0.4664994895961535,1.5753547499769285,0.0,,,,
16,675.0,0.0,3756.0,3756.0,178.0,3756.0,0.99757090000008,0.0,0.0,0.0,,,,0.0028877058717956643,0.0015888756045285006,0.0060049742460250854,0.00024261405633296818,0.00010000000000000003,2.7105054312137605e-20,0.0001,0.0001,0.016612703,0.0045441715,0.030213958,0.009527873000000001,0.0,0.0,0.0,0.0,,,,
17,779.0,0.0,4171.0,4171.0,415.0,4171.0,0.9971974000000924,6.0,80.0,0.0,,,,0.002835169181008286,0.00149216672574956,0.007782221771776676,0.0002619100268930197,0.00010000000000000003,2.7105054312137605e-20,0.0001,0.0001,0.016269463999999997,0.0046114223,0.037794013,0.0065296474,1.2064564511640037,0.9581523932003888,3.7053456169634456,0.0,0.020836778,0.034765437,0.08986969,-0.008223254000000001
18,802.0,0.0,4265.0,4265.0,94.0,4265.0,0.9971128000000952,1.0,30.0,0.0,,,,0.002753751519460069,0.0016593543847834953,0.005960353184491396,0.00025011698016896844,9.999999999999998e-05,2.7105054312137605e-20,0.0001,0.0001,0.016758349,0.004419834,0.02977228,0.01143042,0.4758686413166112,0.3805813846183533,1.0,0.0,,,,
19,859.0,0.0,4494.0,4494.0,229.0,4494.0,0.9969067000001018,5.0,100.0,0.0,,,,0.0029117430247807587,0.0011275626837288773,0.005894420668482781,0.00033065496245399123,0.00010000000000000002,1.3552527156068802e-20,0.0001,0.0001,0.016742071,0.0041342573,0.02900103,0.009953678,1.7352332608258287,0.8915224300531083,3.1694045534542283,0.0,0.028737963999999998,0.045198943,0.09759791,-0.026352357000000003
20,925.0,0.0,4758.0,4758.0,264.0,4758.0,0.9966691000001096,6.0,75.0,0.0,,,,0.0028789683460043033,0.001464539524388486,0.006616855971515179,0.00032044213730841875,0.00010000000000000002,1.3552527156068802e-20,0.0001,0.0001,0.016617239,0.0048302026,0.03324208,0.009898623,1.689846122458243,1.273814066516635,3.9579986855743465,0.0,0.061998415999999994,0.044700055999999995,0.15405318,0.018156264
21,952.0,0.0,4866.0,4866.0,108.0,4866.0,0.9965719000001128,0.0,0.0,0.0,,,,0.003216196966464989,0.0013612221855440981,0.006111739203333855,0.0007021317724138497,0.0001,1.3552527156068802e-20,0.0001,0.0001,0.01840865,0.004320069,0.027355,0.010906157,0.0,0.0,0.0,0.0,,,,
22,989.0,0.0,5012.0,5012.0,146.0,5012.0,0.9964405000001172,2.0,45.0,0.0,,,,0.0028414943929722845,0.0014617787126998273,0.005756909027695656,0.0003117753367405385,0.0001,1.3552527156068802e-20,0.0001,0.0001,0.01693563,0.0046785590000000005,0.028706243,0.011011479,0.920688534667319,0.5000778477909199,1.8097278682212583,0.0,,,,
23,1130.0,0.0,5575.0,5575.0,563.0,5575.0,0.995933800000134,9.0,305.0,0.0,,,,0.002844692555261141,0.001336926955884525,0.007369937375187874,0.00027824833523482084,0.00010000000000000003,2.7105054312137605e-20,0.0001,0.0001,0.017094271,0.0049635475,0.043584816,0.00916432,1.4889961056865848,0.9256956384539768,3.218853094051373,0.0,0.052796602000000005,0.03952903,0.14291206,-0.011593692
24,1161.0,0.0,5702.0,5702.0,127.0,5702.0,0.9958195000001376,3.0,75.0,0.0,,,,0.002910668906312616,0.001315036580042258,0.00668614823371172,0.00043247168650850654,9.999999999999996e-05,4.0657581468206416e-20,0.0001,0.0001,0.017551139,0.0042867265,0.031240826,0.012723251999999999,1.0031292887684229,0.908927112628552,2.503485520019768,0.0,,,,
25,1228.0,0.0,5970.0,5970.0,268.0,5970.0,0.9955783000001456,0.0,0.0,0.0,,,,0.002857881374163271,0.001429076014032944,0.007223838474601506,0.0002860465319827199,0.00010000000000000003,2.7105054312137605e-20,0.0001,0.0001,0.01775805,0.0051547885,0.036485877,0.011128137,0.0,0.0,0.0,0.0,,,,
